[65 67 70 72 74]
[65 67 70 72 74 73]
END OF LINE
[32 35 37 39]
[32 35 37 39 39]
END OF LINE
[28 31 34 35 38 39]
[28 31 34 35 38 39 43]
END OF LINE
[51 54 56 58 59 60 63]
[51 54 56 58 59 60 63 70]
END OF LINE
[77 78 80 81 82]
[77 78 80 81 80 82]
END OF LINE
[24 25 27 28 29 31 32]
[24 25 27 27 28 29 31 32]
END OF LINE
[52 53 54 57 59 60]
[52 50 53 54 57 59 60]
END OF LINE
[53 56 57 59 60 63]
[53 53 56 57 59 60 63]
END OF LINE
[58 61 64 66]
[54 58 61 64 66]
END OF LINE
[70 71 74 75 76 79 80]
[63 70 71 74 75 76 79 80]
END OF LINE
[68 71 74 75]
[68 73 71 74 75]
END OF LINE
[48 46 44 43 42]
[48 46 44 43 42 43]
END OF LINE
[48 47 45 44]
[48 47 45 44 44]
END OF LINE
[63 61 60 58 55]
[63 61 60 58 55 51]
END OF LINE
[39 36 35 32 30 29 27]
[39 36 35 32 30 29 27 20]
END OF LINE
[32 31 29 26]
[32 31 31 29 26]
END OF LINE
[94 92 89 87 86 84]
[94 95 92 89 87 86 84]
END OF LINE
[17 16 14 11 8]
[17 17 16 14 11 8]
END OF LINE
[20 18 15 13 11]
[24 20 18 15 13 11]
END OF LINE
[45 42 40 38]
[51 45 42 40 38]
END OF LINE
[95 93 91 88]
[95 90 93 91 88]
END OF LINE
[38 41 44 45 46 47]
[38 41 44 45 46 47 46]
END OF LINE
[31 33 36 38 39 40]
[31 33 36 38 39 40 40]
END OF LINE
[10 11 12 15 18 21 23]
[10 11 12 15 18 21 23 27]
END OF LINE
[67 70 73 75]
[67 70 73 75 81]
END OF LINE
[24 26 27 29 31 34]
[24 26 27 29 31 30 34]
END OF LINE
[66 68 71 73]
[66 68 71 68 73]
END OF LINE
[12 15 16 17 19]
[12 15 15 16 17 19]
END OF LINE
[75 77 79 82]
[75 73 77 79 82]
END OF LINE
[55 58 60 63]
[55 55 58 60 63]
END OF LINE
[70 72 74 77 79 81 83]
[66 70 72 74 77 79 81 83]
END OF LINE
[47 49 51 53]
[41 47 49 51 53]
END OF LINE
[14 13 12 11 10 7 5]
[14 13 12 11 10 7 5 8]
END OF LINE
[71 69 68 66 64]
[71 69 68 66 64 64]
END OF LINE
[30 28 27 24 21]
[30 28 27 24 21 17]
END OF LINE
[55 54 51 48 46 45 44]
[55 54 51 48 46 45 44 37]
END OF LINE
[49 46 44 43]
[49 46 44 47 43]
END OF LINE
[44 41 40 38 37]
[44 41 40 38 38 37]
END OF LINE
[58 56 55 53 52]
[58 60 56 55 53 52]
END OF LINE
[69 67 65 64 61 58]
[69 72 67 65 64 61 58]
END OF LINE
[49 46 44 43]
[49 49 46 44 43]
END OF LINE
[46 44 41 39 38 37]
[50 46 44 41 39 38 37]
END OF LINE
[80 78 75 72 71 68]
[85 80 78 75 72 71 68]
END OF LINE
[79 77 76 73 70 68]
[79 74 77 76 73 70 68]
END OF LINE
[30 31 32 35 36 39]
[30 31 32 35 36 39 36]
END OF LINE
[82 84 86 88 91]
[82 84 86 88 91 91]
END OF LINE
[75 77 80 83]
[75 77 80 83 87]
END OF LINE
[76 79 82 84 87]
[76 79 82 84 87 92]
END OF LINE
[38 40 43 44 45 47]
[38 40 43 46 44 45 47]
END OF LINE
[48 51 54 56 59 61 64]
[48 51 54 54 56 59 61 64]
END OF LINE
[52 53 55 57 58 59 61]
[52 51 53 55 57 58 59 61]
END OF LINE
[58 61 64 66 67 70]
[58 58 61 64 66 67 70]
END OF LINE
[56 57 60 63 66 68]
[52 56 57 60 63 66 68]
END OF LINE
[39 41 44 45 48 50 51]
[32 39 41 44 45 48 50 51]
END OF LINE
[45 48 49 51 52 54]
[45 50 48 49 51 52 54]
END OF LINE
[76 73 72 70]
[76 73 72 70 72]
END OF LINE
[55 52 49 48 45 44]
[55 52 49 48 45 44 44]
END OF LINE
[20 19 17 14 13 12 11]
[20 19 17 14 13 12 11 7]
END OF LINE
[24 22 19 16 15]
[24 22 19 16 15 10]
END OF LINE
[23 21 18 15 12]
[23 21 18 15 17 12]
END OF LINE
[40 38 37 36 33]
[40 38 37 37 36 33]
END OF LINE
[86 84 81 78]
[86 84 81 77 78]
END OF LINE
[34 32 30 29 27 26 24]
[34 34 32 30 29 27 26 24]
END OF LINE
[43 40 37 36 35 32 30]
[47 43 40 37 36 35 32 30]
END OF LINE
[31 29 26 23 21 20 17]
[38 31 29 26 23 21 20 17]
END OF LINE
[75 74 72 71]
[75 74 72 71 74]
END OF LINE
[40 42 43 44]
[40 42 43 44 48]
END OF LINE
[43 40 39 36 35 34]
[47 43 40 39 36 35 34]
END OF LINE
[37 34 32 31 29]
[37 34 32 32 31 29]
END OF LINE
[24 27 29 30 33 36 37]
[24 27 29 30 33 36 37]
END OF LINE
[13 10 8 7 4 2]
[13 10 8 7 4 2]
END OF LINE
[37 35 33 32 30 29 26 25]
[37 35 33 32 30 29 26 25]
END OF LINE
[59 58 57 56 54 51 50]
[59 58 57 56 54 51 50]
END OF LINE
[54 57 58 61 63 66 67 68]
[54 57 58 61 63 66 67 68]
END OF LINE
[71 69 67 64 62 60 58]
[71 69 67 64 62 60 58]
END OF LINE
[22 20 17 14 12 10]
[22 20 17 14 12 10]
END OF LINE
[74 73 70 69 68]
[74 73 70 69 68]
END OF LINE
[14 17 19 20 22]
[14 17 19 20 22]
END OF LINE
[24 27 29 30 32 35 38 39]
[24 27 29 30 32 35 38 39]
END OF LINE
[74 77 79 82 83 85 87]
[74 77 79 82 83 85 87]
END OF LINE
[42 41 39 38 35 34 33]
[42 41 39 38 35 34 33]
END OF LINE
[80 79 76 75 74]
[80 79 76 75 74]
END OF LINE
[16 13 11 8 6 4 3 2]
[16 13 11 8 6 4 3 2]
END OF LINE
[25 26 27 29 30 32]
[25 26 27 29 30 32]
END OF LINE
[56 57 60 63 65 67]
[56 57 60 63 65 67]
END OF LINE
[64 66 68 71 74 75]
[64 66 68 71 74 75]
END OF LINE
[68 69 72 75 77 79]
[68 69 72 75 77 79]
END OF LINE
[37 40 42 43 44 45 46 47]
[37 40 42 43 44 45 46 47]
END OF LINE
[54 55 58 61 63 64 67 70]
[54 55 58 61 63 64 67 70]
END OF LINE
[81 82 84 86 89 90 92]
[81 82 84 86 89 90 92]
END OF LINE
[76 77 78 81 82 85 87 89]
[76 77 78 81 82 85 87 89]
END OF LINE
[9 12 15 16 17 18]
[9 12 15 16 17 18]
END OF LINE
[21 24 25 26 27 29 30 33]
[21 24 25 26 27 29 30 33]
END OF LINE
[34 35 37 40 43 45 48 50]
[34 35 37 40 43 45 48 50]
END OF LINE
[53 52 51 49 48 47 44]
[53 52 51 49 48 47 44]
END OF LINE
[82 85 87 89 91]
[82 85 87 89 91]
END OF LINE
[83 84 85 88 91 94 95]
[83 84 85 88 91 94 95]
END OF LINE
[57 58 61 64 66 68 71 73]
[57 58 61 64 66 68 71 73]
END OF LINE
[9 11 14 16 18]
[9 11 14 16 18]
END OF LINE
[77 76 73 72 71 70]
[77 76 73 72 71 70]
END OF LINE
[17 16 13 12 11 10 8 5]
[17 16 13 12 11 10 8 5]
END OF LINE
[58 60 62 65 68 71 74 76]
[58 60 62 65 68 71 74 76]
END OF LINE
[65 62 59 58 57 56 55]
[65 62 59 58 57 56 55]
END OF LINE
[97 95 92 91 90 88 87 84]
[97 95 92 91 90 88 87 84]
END OF LINE
[88 86 85 82 81]
[88 86 85 82 81]
END OF LINE
[23 26 28 30 32 33 36 37]
[23 26 28 30 32 33 36 37]
END OF LINE
[1 2 3 4 5 6 8]
[1 2 3 4 5 6 8]
END OF LINE
[51 53 56 59 61]
[51 53 56 59 61]
END OF LINE
[4 6 9 11 12]
[4 6 9 11 12]
END OF LINE
[90 87 86 83 80 77 74]
[90 87 86 83 80 77 74]
END OF LINE
[50 52 54 57 60]
[50 52 54 57 60]
END OF LINE
[12 13 14 17 19]
[12 13 14 17 19]
END OF LINE
[89 88 87 85 84 81 80 79]
[89 88 87 85 84 81 80 79]
END OF LINE
[13 10 8 6 4 2]
[13 10 8 6 4 2]
END OF LINE
[20 21 22 24 26 27]
[20 21 22 24 26 27]
END OF LINE
[71 70 69 67 65 64]
[71 70 69 67 65 64]
END OF LINE
[14 13 12 10 8 6]
[14 13 12 10 8 6]
END OF LINE
[24 25 27 30 32 34 37 38]
[24 25 27 30 32 34 37 38]
END OF LINE
[84 85 87 88 90 91 93 96]
[84 85 87 88 90 91 93 96]
END OF LINE
[55 54 51 49 48 45 44]
[55 54 51 49 48 45 44]
END OF LINE
[96 94 91 89 86 85 82 80]
[96 94 91 89 86 85 82 80]
END OF LINE
[57 54 53 52 49 47 44 43]
[57 54 53 52 49 47 44 43]
END OF LINE
[44 47 50 51 53 55 57]
[44 47 50 51 53 55 57]
END OF LINE
[24 25 28 30 33 35 37 40]
[24 25 28 30 33 35 37 40]
END OF LINE
[65 67 69 71 73 75 77 79]
[65 67 69 71 73 75 77 79]
END OF LINE
[30 33 36 37 38 41 43 46]
[30 33 36 37 38 41 43 46]
END OF LINE
[27 29 31 33 35 38 40]
[27 29 31 33 35 38 40]
END OF LINE
[51 53 55 56 59 60]
[51 53 55 56 59 60]
END OF LINE
[18 21 24 26 27 29 31 33]
[18 21 24 26 27 29 31 33]
END OF LINE
[40 43 46 49 50 51]
[40 43 46 49 50 51]
END OF LINE
[69 68 65 63 60 59]
[69 68 65 63 60 59]
END OF LINE
[16 15 13 10 9 6 4 3]
[16 15 13 10 9 6 4 3]
END OF LINE
[76 79 82 83 84 85]
[76 79 82 83 84 85]
END OF LINE
[29 27 26 25 22]
[29 27 26 25 22]
END OF LINE
[63 60 57 54 53 50 47]
[63 60 57 54 53 50 47]
END OF LINE
[16 17 19 20 21 22 24]
[16 17 19 20 21 22 24]
END OF LINE
[79 76 75 73 72 71 70 67]
[79 76 75 73 72 71 70 67]
END OF LINE
[30 31 32 35 38 40 41 44]
[30 31 32 35 38 40 41 44]
END OF LINE
[49 51 52 53 56]
[49 51 52 53 56]
END OF LINE
[66 68 69 70 71]
[66 68 69 70 71]
END OF LINE
[73 75 76 79 80 83 85 88]
[73 75 76 79 80 83 85 88]
END OF LINE
[47 46 44 41 39 37 34 31]
[47 46 44 41 39 37 34 31]
END OF LINE
[80 77 75 74 73 71 69]
[80 77 75 74 73 71 69]
END OF LINE
[47 46 43 40 37 35]
[47 46 43 40 37 35]
END OF LINE
[39 42 45 48 49 52 55 58]
[39 42 45 48 49 52 55 58]
END OF LINE
[20 22 24 26 28 30 31 34]
[20 22 24 26 28 30 31 34]
END OF LINE
[88 89 92 94 96 98]
[88 89 92 94 96 98]
END OF LINE
[64 61 60 59 56 55]
[64 61 60 59 56 55]
END OF LINE
[39 42 44 46 47]
[39 42 44 46 47]
END OF LINE
[77 79 80 83 86 88 89]
[77 79 80 83 86 88 89]
END OF LINE
[80 77 74 73 71 68]
[80 77 74 73 71 68]
END OF LINE
[26 25 22 19 16 15 14 11]
[26 25 22 19 16 15 14 11]
END OF LINE
[36 33 30 29 28 27 24 22]
[36 33 30 29 28 27 24 22]
END OF LINE
[54 57 58 60 63 65 68]
[54 57 58 60 63 65 68]
END OF LINE
[49 47 44 43 41 38]
[49 47 44 43 41 38]
END OF LINE
[23 26 28 30 32]
[23 26 28 30 32]
END OF LINE
[72 74 76 77 80 82]
[72 74 76 77 80 82]
END OF LINE
[41 38 36 35 34 33]
[41 38 36 35 34 33]
END OF LINE
[56 54 51 48 46]
[56 54 51 48 46]
END OF LINE
[66 67 69 71 73 75 76 77]
[66 67 69 71 73 75 76 77]
END OF LINE
[19 18 15 13 12]
[19 18 15 13 12]
END OF LINE
[21 18 16 15 12 10 9 8]
[21 18 16 15 12 10 9 8]
END OF LINE
[87 85 83 81 79 78]
[87 85 83 81 79 78]
END OF LINE
[47 48 51 52 53 54 55]
[47 48 51 52 53 54 55]
END OF LINE
[57 58 59 61 63 64 66 68]
[57 58 59 61 63 64 66 68]
END OF LINE
[46 49 52 54 57]
[46 49 52 54 57]
END OF LINE
[5 7 8 9 11 12 13 16]
[5 7 8 9 11 12 13 16]
END OF LINE
[33 35 36 37 39 42 45 46]
[33 35 36 37 39 42 45 46]
END OF LINE
[74 71 70 67 65]
[74 71 70 67 65]
END OF LINE
[23 26 29 30 32 33 34]
[23 26 29 30 32 33 34]
END OF LINE
[60 63 65 66 67 68 70]
[60 63 65 66 67 68 70]
END OF LINE
[75 73 72 71 68 67]
[75 73 72 71 68 67]
END OF LINE
[46 45 43 42 41 38 37 36]
[46 45 43 42 41 38 37 36]
END OF LINE
[13 12 9 8 5]
[13 12 9 8 5]
END OF LINE
[36 38 41 43 45 47 49]
[36 38 41 43 45 47 49]
END OF LINE
[8 9 11 12 13 15]
[8 9 11 12 13 15]
END OF LINE
[26 29 30 32 34 35 37 40]
[26 29 30 32 34 35 37 40]
END OF LINE
[80 77 75 74 72]
[80 77 75 74 72]
END OF LINE
[13 15 18 21 24 26]
[13 15 18 21 24 26]
END OF LINE
[17 16 15 12 11 9 6 5]
[17 16 15 12 11 9 6 5]
END OF LINE
[58 55 54 52 51 49 47 45]
[58 55 54 52 51 49 47 45]
END OF LINE
[79 76 75 74 73 71]
[79 76 75 74 73 71]
END OF LINE
[69 72 73 75 78 81 82 84]
[69 72 73 75 78 81 82 84]
END OF LINE
[65 67 68 71 73 75 77]
[65 67 68 71 73 75 77]
END OF LINE
[20 18 16 15 14]
[20 18 16 15 14]
END OF LINE
[61 63 65 68 71]
[61 63 65 68 71]
END OF LINE
[81 80 79 78 75 72]
[81 80 79 78 75 72]
END OF LINE
[62 64 67 70 73 74 75]
[62 64 67 70 73 74 75]
END OF LINE
[54 57 60 63 66 69]
[54 57 60 63 66 69]
END OF LINE
[35 32 30 27 25]
[35 32 30 27 25]
END OF LINE
[33 35 36 39 40]
[33 35 36 39 40]
END OF LINE
[28 25 22 20 19 17 14 13]
[28 25 22 20 19 17 14 13]
END OF LINE
[96 93 92 89 88 85 83]
[96 93 92 89 88 85 83]
END OF LINE
[68 69 72 75 78 80 82]
[68 69 72 75 78 80 82]
END OF LINE
[43 44 46 49 51 54]
[43 44 46 49 51 54]
END OF LINE
[99 98 95 93 91]
[99 98 95 93 91]
END OF LINE
[59 62 63 65 68 69]
[59 62 63 65 68 69]
END OF LINE
[35 34 32 31 30 27]
[35 34 32 31 30 27]
END OF LINE
[97 94 92 91 89 88]
[97 94 92 91 89 88]
END OF LINE
[19 20 22 25 28]
[19 20 22 25 28]
END OF LINE
[38 36 34 32 31 29 27]
[38 36 34 32 31 29 27]
END OF LINE
[47 49 50 53 56 59 62 63]
[47 49 50 53 56 59 62 63]
END OF LINE
[86 89 92 94 95]
[86 89 92 94 95]
END OF LINE
[18 20 21 22 25 26]
[18 20 21 22 25 26]
END OF LINE
[72 74 76 78 79 81]
[72 74 76 78 79 81]
END OF LINE
[85 86 87 89 90 93 95]
[85 86 87 89 90 93 95]
END OF LINE
[80 83 84 86 87 90 91]
[80 83 84 86 87 90 91]
END OF LINE
[8 9 11 13 15]
[8 9 11 13 15]
END OF LINE
[24 26 29 32 35 38]
[24 26 29 32 35 38]
END OF LINE
[58 55 53 52 51 49]
[58 55 53 52 51 49]
END OF LINE
[92 89 87 86 84 83]
[92 89 87 86 84 83]
END OF LINE
[97 95 93 92 90 89 86 85]
[97 95 93 92 90 89 86 85]
END OF LINE
[74 73 70 69 66 63 61 58]
[74 73 70 69 66 63 61 58]
END OF LINE
[74 71 68 67 65 62 61]
[74 71 68 67 65 62 61]
END OF LINE
[50 53 56 57 58]
[50 53 56 57 58]
END OF LINE
[55 56 58 60 63 64]
[55 56 58 60 63 64]
END OF LINE
[87 85 83 82 79 78 75 73]
[87 85 83 82 79 78 75 73]
END OF LINE
[59 62 64 66 69]
[59 62 64 66 69]
END OF LINE
[19 20 23 25 26 28 30 32]
[19 20 23 25 26 28 30 32]
END OF LINE
[93 91 90 88 86]
[93 91 90 88 86]
END OF LINE
[93 92 90 88 86 84 81 78]
[93 92 90 88 86 84 81 78]
END OF LINE
[39 38 36 33 30 29 27 26]
[39 38 36 33 30 29 27 26]
END OF LINE
[81 84 86 87 90 92 93 95]
[81 84 86 87 90 92 93 95]
END OF LINE
[45 42 39 38 35 34]
[45 42 39 38 35 34]
END OF LINE
[22 19 18 15 13 11 8 5]
[22 19 18 15 13 11 8 5]
END OF LINE
[41 40 39 36 35 33]
[41 40 39 36 35 33]
END OF LINE
[56 54 53 51 48 45 42 41]
[56 54 53 51 48 45 42 41]
END OF LINE
[74 72 69 68 66 63]
[74 72 69 68 66 63]
END OF LINE
[66 69 72 75 77 79]
[66 69 72 75 77 79]
END OF LINE
[74 72 69 68 67 64 62]
[74 72 69 68 67 64 62]
END OF LINE
[2 5 8 11 12 13 16]
[2 5 8 11 12 13 16]
END OF LINE
[87 84 83 82 80 77 75]
[87 84 83 82 80 77 75]
END OF LINE
[10 9 8 6 5 3 2]
[10 9 8 6 5 3 2]
END OF LINE
[24 25 27 30 31 32]
[24 25 27 30 31 32]
END OF LINE
[74 73 71 68 67 64]
[74 73 71 68 67 64]
END OF LINE
[9 11 12 14 16 17 20 21]
[9 11 12 14 16 17 20 21]
END OF LINE
[75 72 71 68 65 63 62 60]
[75 72 71 68 65 63 62 60]
END OF LINE
[43 41 39 38 35 33 32]
[43 41 39 38 35 33 32]
END OF LINE
[85 82 80 77 74 73 71]
[85 82 80 77 74 73 71]
END OF LINE
[81 80 77 75 73 70 67]
[81 80 77 75 73 70 67]
END OF LINE
[62 63 64 65 68]
[62 63 64 65 68]
END OF LINE
[46 44 42 39 37 36 33]
[46 44 42 39 37 36 33]
END OF LINE
[77 76 73 71 68 67 64]
[77 76 73 71 68 67 64]
END OF LINE
[68 70 73 76 78 79 82]
[68 70 73 76 78 79 82]
END OF LINE
[76 73 70 68 67 64 62 60]
[76 73 70 68 67 64 62 60]
END OF LINE
[47 49 52 53 54 55 58]
[47 49 52 53 54 55 58]
END OF LINE
[32 29 27 25 22 21 19]
[32 29 27 25 22 21 19]
END OF LINE
[76 73 72 70 69 66 65]
[76 73 72 70 69 66 65]
END OF LINE
[33 32 31 29 27 25 23 21]
[33 32 31 29 27 25 23 21]
END OF LINE
[4 7 9 12 13 15 16 17]
[4 7 9 12 13 15 16 17]
END OF LINE
[77 76 75 73 70 69]
[77 76 75 73 70 69]
END OF LINE
[14 11 8 7 4 2]
[14 11 8 7 4 2]
END OF LINE
[26 24 21 19 16 15]
[26 24 21 19 16 15]
END OF LINE
[40 39 38 36 34]
[40 39 38 36 34]
END OF LINE
[58 61 64 66 67 70]
[58 61 64 66 67 70]
END OF LINE
[69 72 73 74 75]
[69 72 73 74 75]
END OF LINE
[89 88 86 85 82 80 77]
[89 88 86 85 82 80 77]
END OF LINE
[87 88 90 91 92]
[87 88 90 91 92]
END OF LINE
[52 54 55 56 59]
[52 54 55 56 59]
END OF LINE
[4 6 9 11 14 15 18 21]
[4 6 9 11 14 15 18 21]
END OF LINE
[22 25 28 30 31]
[22 25 28 30 31]
END OF LINE
[17 14 12 11 9 6]
[17 14 12 11 9 6]
END OF LINE
[73 72 71 70 67 64 61 60]
[73 72 71 70 67 64 61 60]
END OF LINE
[63 64 66 69 70 72 74 75]
[63 64 66 69 70 72 74 75]
END OF LINE
[64 67 68 70 73 76 78]
[64 67 68 70 73 76 78]
END OF LINE
[96 95 92 90 89 86]
[96 95 92 90 89 86]
END OF LINE
[39 38 36 35 34 32 31]
[39 38 36 35 34 32 31]
END OF LINE
[74 73 71 68 67 64 61 60]
[74 73 71 68 67 64 61 60]
END OF LINE
[88 87 84 81 80 79 78]
[88 87 84 81 80 79 78]
END OF LINE
[51 52 53 56 59 62]
[51 52 53 56 59 62]
END OF LINE
[26 25 24 23 20 18 17]
[26 25 24 23 20 18 17]
END OF LINE
[45 47 48 51 54 55 58 60]
[45 47 48 51 54 55 58 60]
END OF LINE
[46 45 42 41 40 38]
[46 45 42 41 40 38]
END OF LINE
[85 83 81 78 77 76 75]
[85 83 81 78 77 76 75]
END OF LINE
[57 56 54 52 50 48 45 44]
[57 56 54 52 50 48 45 44]
END OF LINE
[15 16 19 20 21]
[15 16 19 20 21]
END OF LINE
[78 80 82 85 87 89 91]
[78 80 82 85 87 89 91]
END OF LINE
[23 26 28 29 31 32 35]
[23 26 28 29 31 32 35]
END OF LINE
[87 86 84 83 81 80]
[87 86 84 83 81 80]
END OF LINE
[52 51 48 46 44 41]
[52 51 48 46 44 41]
END OF LINE
[97 94 93 92 91 88]
[97 94 93 92 91 88]
END OF LINE
[46 47 49 52 54 56 58 59]
[46 47 49 52 54 56 58 59]
END OF LINE
[60 58 56 54 52 50]
[60 58 56 54 52 50]
END OF LINE
[11 10 7 6 4 3 2 1]
[11 10 7 6 4 3 2 1]
END OF LINE
[57 59 61 63 64]
[57 59 61 63 64]
END OF LINE
[38 40 43 45 46]
[38 40 43 45 46]
END OF LINE
[61 63 66 68 71]
[61 63 66 68 71]
END OF LINE