[65 67 70 72 74]
[65 67 70 72 74 73]
END OF LINE
[32 35 37 39]
[32 35 37 39 39]
END OF LINE
[28 31 34 35 38 39]
[28 31 34 35 38 39 43]
END OF LINE
[51 54 56 58 59 60 63]
[51 54 56 58 59 60 63 70]
END OF LINE
[77 78 80 81 82]
[77 78 80 81 80 82]
END OF LINE
[24 25 27 28 29 31 32]
[24 25 27 27 28 29 31 32]
END OF LINE
[52 53 54 57 59 60]
[52 50 53 54 57 59 60]
END OF LINE
[53 56 57 59 60 63]
[53 53 56 57 59 60 63]
END OF LINE
[58 61 64 66]
[54 58 61 64 66]
END OF LINE
[70 71 74 75 76 79 80]
[63 70 71 74 75 76 79 80]
END OF LINE
[68 71 74 75]
[68 73 71 74 75]
END OF LINE
[48 46 44 43 42]
[48 46 44 43 42 43]
END OF LINE
[48 47 45 44]
[48 47 45 44 44]
END OF LINE
[63 61 60 58 55]
[63 61 60 58 55 51]
END OF LINE
[39 36 35 32 30 29 27]
[39 36 35 32 30 29 27 20]
END OF LINE
[32 31 29 26]
[32 31 31 29 26]
END OF LINE
[94 92 89 87 86 84]
[94 95 92 89 87 86 84]
END OF LINE
[17 16 14 11 8]
[17 17 16 14 11 8]
END OF LINE
[20 18 15 13 11]
[24 20 18 15 13 11]
END OF LINE
[45 42 40 38]
[51 45 42 40 38]
END OF LINE
[95 93 91 88]
[95 90 93 91 88]
END OF LINE
[38 41 44 45 46 47]
[38 41 44 45 46 47 46]
END OF LINE
[31 33 36 38 39 40]
[31 33 36 38 39 40 40]
END OF LINE
[10 11 12 15 18 21 23]
[10 11 12 15 18 21 23 27]
END OF LINE
[67 70 73 75]
[67 70 73 75 81]
END OF LINE
[24 26 27 29 31 34]
[24 26 27 29 31 30 34]
END OF LINE
[66 68 71 73]
[66 68 71 68 73]
END OF LINE
[12 15 16 17 19]
[12 15 15 16 17 19]
END OF LINE
[75 77 79 82]
[75 73 77 79 82]
END OF LINE
[55 58 60 63]
[55 55 58 60 63]
END OF LINE
[70 72 74 77 79 81 83]
[66 70 72 74 77 79 81 83]
END OF LINE
[47 49 51 53]
[41 47 49 51 53]
END OF LINE
[14 13 12 11 10 7 5]
[14 13 12 11 10 7 5 8]
END OF LINE
[71 69 68 66 64]
[71 69 68 66 64 64]
END OF LINE
[30 28 27 24 21]
[30 28 27 24 21 17]
END OF LINE
[55 54 51 48 46 45 44]
[55 54 51 48 46 45 44 37]
END OF LINE
[49 46 44 43]
[49 46 44 47 43]
END OF LINE
[44 41 40 38 37]
[44 41 40 38 38 37]
END OF LINE
[58 56 55 53 52]
[58 60 56 55 53 52]
END OF LINE
[69 67 65 64 61 58]
[69 72 67 65 64 61 58]
END OF LINE
[49 46 44 43]
[49 49 46 44 43]
END OF LINE
[46 44 41 39 38 37]
[50 46 44 41 39 38 37]
END OF LINE
[80 78 75 72 71 68]
[85 80 78 75 72 71 68]
END OF LINE
[79 77 76 73 70 68]
[79 74 77 76 73 70 68]
END OF LINE
[30 31 32 35 36 39]
[30 31 32 35 36 39 36]
END OF LINE
[82 84 86 88 91]
[82 84 86 88 91 91]
END OF LINE
[75 77 80 83]
[75 77 80 83 87]
END OF LINE
[76 79 82 84 87]
[76 79 82 84 87 92]
END OF LINE
[38 40 43 44 45 47]
[38 40 43 46 44 45 47]
END OF LINE
[48 51 54 56 59 61 64]
[48 51 54 54 56 59 61 64]
END OF LINE
[52 53 55 57 58 59 61]
[52 51 53 55 57 58 59 61]
END OF LINE
[58 61 64 66 67 70]
[58 58 61 64 66 67 70]
END OF LINE
[56 57 60 63 66 68]
[52 56 57 60 63 66 68]
END OF LINE
[39 41 44 45 48 50 51]
[32 39 41 44 45 48 50 51]
END OF LINE
[45 48 49 51 52 54]
[45 50 48 49 51 52 54]
END OF LINE
[76 73 72 70]
[76 73 72 70 72]
END OF LINE
[55 52 49 48 45 44]
[55 52 49 48 45 44 44]
END OF LINE
[20 19 17 14 13 12 11]
[20 19 17 14 13 12 11 7]
END OF LINE
[24 22 19 16 15]
[24 22 19 16 15 10]
END OF LINE
[23 21 18 15 12]
[23 21 18 15 17 12]
END OF LINE
[40 38 37 36 33]
[40 38 37 37 36 33]
END OF LINE
[86 84 81 78]
[86 84 81 77 78]
END OF LINE
[34 32 30 29 27 26 24]
[34 34 32 30 29 27 26 24]
END OF LINE
[43 40 37 36 35 32 30]
[47 43 40 37 36 35 32 30]
END OF LINE
[31 29 26 23 21 20 17]
[38 31 29 26 23 21 20 17]
END OF LINE
[75 74 72 71]
[75 74 72 71 74]
END OF LINE
[40 42 43 44]
[40 42 43 44 48]
END OF LINE
[43 40 39 36 35 34]
[47 43 40 39 36 35 34]
END OF LINE
[37 34 32 31 29]
[37 34 32 32 31 29]
END OF LINE
